$call
vegan::mrpp(dat = Codigo_fito_abundancia[, 5:145], grouping = Codigo_fito_abundancia$Transecto, 
    permutations = 2000)

$delta
[1] 2987.611

$E.delta
[1] 3169.644

$CS
[1] NA

$n
  Amarales   Guascama Sanquianga 
        12         12         12 

$classdelta
  Amarales   Guascama Sanquianga 
  2094.723   2135.944   4732.166 

$Pvalue
[1] 0.02398801

$A
[1] 0.05742998

$distance
[1] "euclidean"

$weight.type
[1] 1

$boot.deltas
   [1] 3217.758 3073.807 2879.950 3242.355 3183.466 3172.537 3045.782 3019.270
   [9] 2788.463 3059.988 3191.692 3190.245 2939.864 3237.162 3232.662 3228.864
  [17] 3175.792 3102.884 3108.169 2999.984 2860.262 3093.373 3141.645 3235.344
  [25] 3160.872 3085.777 3037.299 3194.446 3116.254 3196.364 3193.577 3165.905
  [33] 3189.959 3221.534 3245.076 3133.720 3147.811 3216.634 3110.225 3209.919
  [41] 3214.867 3208.227 3118.266 3215.895 3194.458 3230.378 3160.646 3205.552
  [49] 3217.925 2977.616 3111.917 3174.509 3116.405 3223.480 3128.363 3150.580
  [57] 3115.337 3236.341 3219.825 3076.593 3238.979 3241.323 3045.365 3157.567
  [65] 3221.736 3038.383 3104.938 3221.128 3203.253 3209.977 3199.250 3235.884
  [73] 3210.990 3053.464 2969.534 3114.677 3191.673 3216.114 3105.277 3126.379
  [81] 3179.725 3155.768 3078.206 3185.315 3155.582 3235.896 3006.529 3230.409
  [89] 3202.141 3206.226 3202.723 3174.828 3211.700 3229.450 3199.562 3180.520
  [97] 3125.841 3269.058 3172.011 3185.387 3226.761 3188.742 3174.159 3116.411
 [105] 3263.422 3187.880 3153.928 3236.389 3241.908 3214.106 3099.293 3243.187
 [113] 3157.828 3206.776 3216.460 3129.958 3250.817 3170.134 3196.560 3005.374
 [121] 3226.716 3196.050 3095.406 3237.148 3119.673 3184.008 3179.765 3168.138
 [129] 3054.868 3138.667 3233.860 3200.969 3166.742 3208.800 3238.913 3212.953
 [137] 2946.430 3169.435 3167.337 3214.996 3232.197 3206.710 3206.426 3264.407
 [145] 3231.332 3219.429 3216.065 3228.036 3169.482 3011.191 3233.562 3166.311
 [153] 3227.944 3087.117 3059.859 3152.826 3201.031 3029.846 3246.754 3145.281
 [161] 3234.516 3148.830 3212.849 3213.643 3143.320 3228.146 3208.991 3168.190
 [169] 3171.202 3213.510 3170.346 3216.291 3186.949 3159.888 3220.706 3067.523
 [177] 3129.259 3163.539 3221.074 3218.118 3204.843 3091.315 3166.404 3218.936
 [185] 3127.015 3229.813 3100.485 3146.782 3226.379 3242.190 3078.502 3225.048
 [193] 3241.103 3224.879 3046.830 3126.416 3146.492 3213.265 3102.003 3164.095
 [201] 3209.665 3202.938 3236.914 3242.666 3216.828 3236.162 3208.236 3101.221
 [209] 3113.410 3161.001 3138.986 3249.147 3036.939 3208.055 3102.539 3219.179
 [217] 3183.869 3118.083 3191.844 3219.161 3165.750 3182.377 3075.741 3193.370
 [225] 3175.740 3214.570 3115.849 3207.880 3195.722 3049.358 3084.410 3226.576
 [233] 3180.238 3169.481 3066.049 3107.993 3223.177 3125.585 3218.018 3233.499
 [241] 3133.636 3004.846 3238.429 3194.447 3123.670 3161.228 3203.044 3167.891
 [249] 3214.193 3185.295 3226.313 3111.638 3162.496 3220.668 2952.655 3070.817
 [257] 3218.276 3128.223 3196.752 3233.230 3235.763 3194.946 3195.476 3236.374
 [265] 3193.693 3184.355 3168.548 3164.459 3089.637 3194.224 3255.489 3205.401
 [273] 3141.678 3233.937 3133.139 3213.256 2769.862 3136.036 3135.797 3214.934
 [281] 3158.372 3215.982 3197.654 3220.898 3216.610 3225.973 3205.900 3150.719
 [289] 3226.785 3247.580 3056.697 2964.440 3145.397 3230.380 3228.981 3242.334
 [297] 3171.735 3245.890 3208.377 3215.635 3182.739 3183.555 3184.999 3139.155
 [305] 3194.956 3244.628 3166.573 3137.978 3230.200 3137.640 3183.408 3212.531
 [313] 3099.071 3208.172 3158.670 3105.167 3025.565 3217.326 3105.208 3102.432
 [321] 3216.283 3097.776 3228.656 3200.425 3160.981 3251.889 3165.857 3066.748
 [329] 3200.506 3208.663 3167.163 3204.441 3118.084 3143.373 3222.091 3080.733
 [337] 3054.211 3216.343 3148.765 3159.594 3186.887 3246.831 3231.170 3223.240
 [345] 3188.230 3020.063 3214.027 3176.483 3174.534 3113.260 3107.013 3245.347
 [353] 3203.778 3081.505 3208.199 3139.392 3199.524 3242.995 3168.010 2924.914
 [361] 3164.155 3055.654 3163.550 3219.926 3046.226 3103.168 3145.721 3194.582
 [369] 3210.473 3057.966 3248.655 3227.056 3213.651 3140.240 3192.760 3207.415
 [377] 3180.005 3169.704 3169.171 3207.683 3165.812 3232.213 3229.997 3215.668
 [385] 3127.538 3223.670 3206.650 3238.095 3217.716 3238.321 3185.084 3094.369
 [393] 3170.180 3010.410 3102.410 3178.378 3156.836 3241.183 3127.662 3233.713
 [401] 3168.051 3209.883 3251.830 3241.795 3035.411 3172.667 3246.662 3023.929
 [409] 3197.592 3205.403 3158.416 3165.183 3086.871 3144.641 3202.121 3104.521
 [417] 3248.962 3168.620 3223.379 3154.793 3134.239 3139.321 3233.066 3255.045
 [425] 3233.221 3178.674 3202.114 3187.615 3244.389 3258.163 3218.600 3150.798
 [433] 3253.613 3206.882 3215.259 3214.619 3220.462 3227.204 3180.475 3179.265
 [441] 3196.033 3205.091 3212.246 3186.402 3238.680 3175.574 3243.082 3087.367
 [449] 3236.995 3202.185 3209.990 3192.110 3220.858 3166.457 3214.271 3222.564
 [457] 3209.280 3236.739 3182.630 3216.347 2956.080 3170.061 3180.824 3209.578
 [465] 3150.148 3213.016 3226.908 3248.538 3087.119 3262.577 3172.835 3257.180
 [473] 3175.746 3077.078 3206.156 3108.159 3212.015 3222.376 3266.982 3059.424
 [481] 3196.397 3129.372 3211.798 3192.925 3137.956 3192.837 3054.145 3097.689
 [489] 3131.958 3162.800 3233.302 3193.937 3193.086 2970.885 3128.645 3148.226
 [497] 3235.568 3209.066 3184.175 3247.286 3236.348 3216.937 3235.521 3227.132
 [505] 3229.521 3201.772 3024.266 3239.400 3250.153 3165.183 3189.124 3242.747
 [513] 3223.905 3076.668 2952.667 3187.636 3259.495 3194.156 2977.924 3211.866
 [521] 3142.437 3186.303 3258.376 3091.869 3234.969 3222.880 3110.917 3082.581
 [529] 3216.096 3091.677 3104.077 3206.667 3136.046 3238.473 3246.018 3206.909
 [537] 3169.129 3134.207 3149.488 3049.431 3002.522 3027.604 2965.203 3218.337
 [545] 3156.102 3244.524 3193.007 3186.703 3135.636 3167.668 3228.767 3120.734
 [553] 3171.075 3207.923 2940.935 3226.991 3218.620 3204.896 3228.439 3133.373
 [561] 3124.365 3058.743 3059.683 3120.844 3119.166 3121.857 3219.695 3037.332
 [569] 3204.235 3225.470 3203.267 3177.426 2932.873 3130.430 3133.023 3132.272
 [577] 3219.223 3222.755 3065.129 3223.500 3012.688 3221.527 3185.813 3185.558
 [585] 3254.258 3201.954 3162.259 2873.771 3097.729 3225.123 3231.633 3228.657
 [593] 3172.849 3084.293 3211.501 3117.195 3227.020 3188.760 3203.256 3132.574
 [601] 3232.694 3172.906 3069.577 3191.781 3245.002 3138.531 3106.048 3209.662
 [609] 3230.161 3130.455 3195.297 3226.705 3207.218 3040.695 3207.556 3193.951
 [617] 3127.302 3214.889 3090.795 3242.933 3134.339 3080.629 3206.391 2981.272
 [625] 3146.476 2902.686 2885.524 3247.102 3217.359 3135.904 3211.568 3190.818
 [633] 3050.898 3189.982 3153.046 3242.223 3095.970 3142.788 3162.320 3191.686
 [641] 3130.612 3160.610 3117.608 3198.383 3203.722 3149.668 3141.369 3158.913
 [649] 3124.509 3109.000 3175.623 3236.224 3193.963 3164.168 3014.708 3063.314
 [657] 3078.152 3211.600 3240.227 3171.009 3233.100 3052.704 3128.792 3230.606
 [665] 3209.256 3255.036 3241.451 3215.410 3190.668 3233.191 3167.792 3203.388
 [673] 3130.125 3182.404 3212.806 3169.393 3134.363 3104.628 3196.264 3172.952
 [681] 3237.164 3220.460 3236.078 2971.275 3204.440 3178.583 3218.872 3213.522
 [689] 3100.565 3222.205 3221.393 3213.105 3142.853 3198.490 3196.433 3194.068
 [697] 3172.289 3250.927 3175.086 3180.549 3193.460 3221.453 3241.976 3219.600
 [705] 3220.246 3196.687 3152.370 3219.987 3174.572 3240.142 3249.528 3237.253
 [713] 3188.862 3121.850 3136.801 3215.634 3166.848 3208.973 3120.891 3235.958
 [721] 3158.835 3221.568 3124.346 3148.165 3172.943 3246.036 3180.141 3207.341
 [729] 3184.454 3112.242 3244.375 3250.469 3245.463 3019.722 3110.069 3180.978
 [737] 3201.953 3222.815 3246.010 3053.489 3233.620 3234.924 3143.108 3228.192
 [745] 3239.236 3056.374 3150.127 3129.051 3138.478 3245.022 3239.679 3242.003
 [753] 3196.179 3152.713 3101.348 3198.445 3245.565 3124.880 3224.787 3171.950
 [761] 3155.680 3075.506 3206.800 3237.778 3175.907 3165.114 3056.245 3253.945
 [769] 3241.056 3212.393 3183.813 3188.572 3157.098 3207.290 3233.449 3207.115
 [777] 3036.696 3113.749 3233.258 3256.561 3151.654 3208.336 3217.612 3151.327
 [785] 3151.892 3198.806 3190.661 3136.514 3178.859 3186.242 3225.036 3045.832
 [793] 3095.820 3213.672 3144.333 3229.976 3235.699 3222.021 3245.402 3222.860
 [801] 3020.062 3234.746 3241.913 3233.477 3195.613 3144.950 3247.277 3177.008
 [809] 3114.978 3156.241 3252.296 3256.139 3243.423 2993.258 3105.936 3163.724
 [817] 3015.939 3118.465 3123.419 3240.616 3160.087 3251.914 3174.576 3223.515
 [825] 3249.129 3229.416 3158.108 3235.289 3231.526 2956.168 3174.492 3213.625
 [833] 3193.615 3156.429 3229.065 3104.433 3178.141 3238.245 3208.451 3203.356
 [841] 3174.077 3165.919 3242.415 3219.417 3219.891 3204.577 3232.738 3129.296
 [849] 3236.903 3180.587 3086.003 3205.127 3222.911 3152.439 3212.749 3165.810
 [857] 3248.235 3142.901 3255.305 3231.947 3105.153 3225.203 3128.669 3214.850
 [865] 3053.245 3178.375 3185.679 3105.929 2845.534 3243.966 3144.202 3226.162
 [873] 3216.944 3207.048 3222.891 3220.208 3234.280 3126.888 3224.961 3217.622
 [881] 3149.974 3129.020 3239.861 3201.911 3208.620 3142.663 3226.499 3187.656
 [889] 3182.100 3222.601 3165.756 3187.079 2917.283 3165.858 3196.734 3208.569
 [897] 3211.202 3218.152 3141.581 3211.156 3266.194 3250.452 3177.727 3232.095
 [905] 3060.566 2860.284 3241.133 3053.602 3214.246 3176.810 3095.553 3207.465
 [913] 3189.990 3024.708 3187.968 3207.998 3196.226 3212.304 3231.115 3170.407
 [921] 3197.370 3001.268 2965.599 3054.224 3168.489 3213.327 3194.660 3154.762
 [929] 3226.764 3172.673 3196.600 3248.166 3078.068 3166.241 3213.078 3188.109
 [937] 3077.151 3158.430 3212.810 3259.054 3177.767 3228.934 3112.113 3126.661
 [945] 3237.207 3222.219 3229.001 3175.420 3200.610 3161.672 3125.147 3195.521
 [953] 3108.727 3203.274 3232.450 3213.112 3174.065 3083.375 3107.226 3133.486
 [961] 3198.710 3134.039 3212.471 3186.152 3240.133 3137.588 3107.946 3170.276
 [969] 3217.252 3197.217 3185.586 3079.250 3098.680 3201.572 3170.932 3100.315
 [977] 3039.838 3222.568 3198.562 3209.256 3195.445 3155.304 3175.075 3209.331
 [985] 3235.115 3197.722 3120.378 3253.350 3174.004 3171.569 3190.695 3212.627
 [993] 3205.745 3238.512 3157.551 3239.080 3219.941 3166.852 3225.730 2952.136
 [ reached getOption("max.print") -- omitted 1000 entries ]

$permutations
[1] 2000

$control

Permutation Design:

Blocks:
  Defined by: none

Plots:
  Defined by: none

Within Plots:
  Permutation type: free

Permutation details:
  Number of permutations: 2000
  Max. number of permutations allowed: 9999
  Evaluate all permutations?: No.  Activation limit: 5040

$call
vegan::mrpp(dat = Codigo_fito_abundancia[, 5:145], grouping = Codigo_fito_abundancia$Marea, 
    permutations = 2000)

$delta
[1] 3169.946

$E.delta
[1] 3169.644

$CS
[1] NA

$n
Alta Baja 
  18   18 

$classdelta
    Alta     Baja 
3708.285 2631.608 

$Pvalue
[1] 0.3548226

$A
[1] -9.557863e-05

$distance
[1] "euclidean"

$weight.type
[1] 1

$boot.deltas
   [1] 3175.279 3194.451 3163.071 3145.646 3129.782 3058.774 3207.804 3210.673
   [9] 3189.887 3212.050 3211.285 3199.151 3036.686 3184.548 3221.702 3167.244
  [17] 3211.370 3205.476 3208.432 3174.089 3202.552 3169.720 3179.583 3203.398
  [25] 3162.649 3169.084 3185.012 3204.009 3201.340 3165.587 3127.220 3173.654
  [33] 3197.478 3203.831 3193.648 3109.700 3187.199 3087.479 3219.550 3213.762
  [41] 3200.824 3203.740 3190.619 3117.242 3188.748 3211.949 3202.706 3213.601
  [49] 3191.207 2924.278 3117.654 3157.600 3188.836 3204.184 3196.865 3145.834
  [57] 3168.201 3185.951 3159.128 3152.995 3208.244 3208.000 3134.028 3160.868
  [65] 3200.686 3174.417 3174.283 3034.754 3180.661 3166.616 3183.493 3195.839
  [73] 3190.527 3186.391 3177.066 3172.572 3149.597 3215.172 3171.014 3224.009
  [81] 3214.721 3188.100 3195.192 3079.396 3195.376 3186.905 3121.094 3200.843
  [89] 3199.961 3142.740 3189.785 3160.716 3186.939 3159.766 3205.266 3215.688
  [97] 3199.275 3151.003 3179.876 3178.917 3194.582 3107.087 3139.483 3190.450
 [105] 3178.845 3220.969 3180.162 3196.732 3097.352 3159.879 3204.738 3151.043
 [113] 3186.184 3138.705 3171.457 3177.122 3196.051 3180.051 3176.372 3130.379
 [121] 3158.690 3218.534 3206.432 3175.837 3181.438 3161.421 3140.465 3180.055
 [129] 3196.542 3213.463 3197.552 3190.586 3189.580 3102.700 3148.998 3191.296
 [137] 3180.735 2983.773 3180.657 3193.562 3188.633 3177.844 3170.665 3210.487
 [145] 3191.584 3206.751 3154.279 3214.641 3137.519 3169.072 3173.446 3214.576
 [153] 3192.331 3074.023 3175.705 3177.207 3209.248 3158.771 3171.881 3136.636
 [161] 3195.863 3143.700 3118.907 3150.737 3144.540 3172.439 3197.445 3164.023
 [169] 3216.638 3152.820 3168.084 3165.785 3149.200 3128.406 3174.824 3179.507
 [177] 3170.050 3196.081 3089.480 3151.427 3193.342 3202.885 3167.767 3211.778
 [185] 3159.207 3143.113 3186.953 3133.996 3113.008 3197.179 3181.661 3210.601
 [193] 3210.089 3208.958 3198.310 3216.096 3204.761 3162.234 3195.029 3198.229
 [201] 3195.995 3177.839 3187.170 3139.977 3143.999 3141.936 3193.392 3187.814
 [209] 3197.171 3212.928 3190.613 3076.525 3127.580 3172.339 3194.099 3214.775
 [217] 3180.024 3200.485 3186.176 3059.089 3144.962 3202.075 3205.487 3166.174
 [225] 3130.734 3161.451 3188.545 3195.121 3190.939 3158.078 3110.249 3169.537
 [233] 3200.049 3206.410 3184.861 3148.717 3198.777 3199.038 3134.760 3170.231
 [241] 3216.373 3182.935 3190.120 3174.741 3173.802 3183.029 3171.166 3213.460
 [249] 2884.678 3185.026 3141.810 3143.597 3156.906 3188.702 3162.290 3219.071
 [257] 3188.674 3209.186 3142.692 3184.707 3197.124 3027.789 3062.670 3188.260
 [265] 3205.546 3114.901 3153.863 3203.341 3211.218 3132.661 3158.223 3100.861
 [273] 3154.394 3199.363 3183.695 3197.043 3206.383 3203.662 3170.600 3162.131
 [281] 3174.224 3144.654 3162.241 3147.873 3196.781 3085.974 3222.656 3207.649
 [289] 3109.159 3170.106 3212.309 3213.283 3178.947 3196.170 3198.478 3178.666
 [297] 3193.327 3197.113 3059.487 3172.885 3209.257 3161.463 3200.155 3207.712
 [305] 3138.017 3063.815 3109.068 3190.463 3200.894 3175.711 2916.141 3200.670
 [313] 3191.496 3206.296 3100.441 3156.074 3199.431 3222.994 3219.245 3171.873
 [321] 3139.559 3199.198 3203.209 3201.599 3212.288 3198.970 3192.034 3119.950
 [329] 3178.579 3222.187 3153.565 3118.429 3187.175 3191.725 3197.014 3184.725
 [337] 3202.086 3182.188 3199.710 3195.089 3194.026 3186.320 3182.463 3166.327
 [345] 3204.149 3183.554 3211.486 3183.903 3226.378 3199.066 3118.174 3219.004
 [353] 3128.800 3073.458 3217.682 3205.241 3155.720 3106.581 3206.470 3036.758
 [361] 3222.969 3193.354 3196.501 3200.490 3120.403 3128.711 3200.766 3162.628
 [369] 3201.378 3133.357 3216.392 3209.611 3169.384 3192.844 3154.324 3201.747
 [377] 3092.760 3204.938 3115.514 3213.306 3198.164 3111.333 3152.048 3199.580
 [385] 3193.281 3188.579 3135.864 3131.075 3192.258 3205.921 3214.490 3014.674
 [393] 3206.999 3166.916 3187.327 3184.861 3216.877 3199.190 3146.299 3212.872
 [401] 3190.819 3167.568 3171.529 3161.158 3193.331 3103.359 3192.999 3197.010
 [409] 3150.941 3107.351 3216.774 3181.313 3009.843 3180.377 3181.562 3201.914
 [417] 3209.377 3185.408 3068.204 3218.478 2993.034 3201.693 3191.317 3214.524
 [425] 3020.600 3064.061 3195.332 3185.388 3184.170 3115.792 3165.871 3191.826
 [433] 3181.427 3200.009 3151.799 3188.205 3203.423 3156.504 3170.034 3146.871
 [441] 3205.711 3205.257 3141.313 3211.809 3174.543 3215.088 3187.343 3222.245
 [449] 3152.287 3216.143 3154.891 3181.974 3206.625 3198.804 3196.141 3199.457
 [457] 3088.442 3178.285 3193.526 3182.461 3026.513 3178.547 3205.040 3182.208
 [465] 3155.581 3195.268 3211.008 3218.217 3160.984 3210.757 3198.515 3167.930
 [473] 3207.482 3211.894 3136.135 3195.135 3186.137 3180.856 3195.885 3088.573
 [481] 3182.597 3070.135 3174.986 3180.283 3185.588 3209.000 3208.777 3212.832
 [489] 3161.925 3215.520 3150.597 3074.777 3194.806 3039.671 3137.400 3194.293
 [497] 3212.935 3141.236 3194.704 3186.126 3167.349 3189.548 3214.316 3187.907
 [505] 3202.932 3184.461 3186.184 3157.329 3178.412 2944.972 3126.171 3170.041
 [513] 3204.698 3165.212 3215.202 3199.441 3185.264 3123.281 3206.854 3177.930
 [521] 3168.505 3207.706 3136.829 3128.601 3125.323 3156.430 3147.988 3165.629
 [529] 3162.670 3094.488 3074.679 3184.163 3213.148 3004.638 3159.801 3142.463
 [537] 3104.688 3191.365 3198.184 3183.512 3171.160 3202.915 3088.218 3201.860
 [545] 3092.424 3206.179 3177.180 3186.205 3211.650 3185.384 3131.469 3207.631
 [553] 3128.498 3207.584 3159.508 3053.549 3207.342 3207.205 3182.687 3171.709
 [561] 3112.302 3171.363 3194.052 3120.196 3156.890 3182.664 3185.710 3116.160
 [569] 3200.403 3189.279 3070.647 3116.960 3187.435 3191.867 3190.392 3216.383
 [577] 3201.165 3168.220 3213.492 3211.155 3089.530 3194.634 3085.782 3214.547
 [585] 3218.291 3186.105 3195.815 3205.097 3207.813 3206.958 3136.139 3121.080
 [593] 3165.952 3173.510 3204.400 3204.806 3218.806 3123.850 3170.200 3180.503
 [601] 3178.738 3010.427 3141.072 3180.671 3110.617 3202.368 3177.445 3220.927
 [609] 3207.504 3149.896 3183.787 3212.416 3181.110 3212.317 3155.323 3203.568
 [617] 3069.746 3143.360 3035.798 3215.187 3210.241 3101.547 3101.242 3210.823
 [625] 3192.521 3222.138 3175.066 3198.084 3006.469 3116.196 3199.987 3160.368
 [633] 3193.809 3216.254 3085.446 3201.743 3166.139 3186.733 3152.710 3180.525
 [641] 3209.842 3208.722 3130.789 3164.266 3155.921 3179.267 3175.396 3102.985
 [649] 3166.970 3189.988 3189.836 3210.513 3201.434 3204.511 3067.511 3205.171
 [657] 3189.182 3118.618 3210.185 3201.533 3151.478 3121.689 3202.062 3034.252
 [665] 3115.972 3105.285 3116.855 3180.711 3200.441 3200.357 3188.920 3188.380
 [673] 3208.861 3185.003 3152.649 3171.277 3190.885 3202.513 3222.376 3121.858
 [681] 3140.478 3171.079 3192.718 3198.204 3184.114 3187.808 3154.077 3190.245
 [689] 3168.483 3177.606 3131.991 3125.538 3172.204 3218.051 3157.575 3204.706
 [697] 3155.614 3213.336 3211.109 3090.604 3197.963 3135.384 3168.264 3184.130
 [705] 3203.664 3187.652 3147.663 3150.576 3193.369 3195.869 3193.481 3169.206
 [713] 3196.913 3199.366 3131.085 3193.846 3155.260 3191.033 3209.757 3200.651
 [721] 3106.024 3125.435 3219.462 3195.284 3183.096 3217.943 3188.250 3137.561
 [729] 3179.564 3206.184 3206.450 3200.261 3194.026 3115.631 3168.750 3161.811
 [737] 3202.890 3208.679 3202.933 3218.042 3210.912 3187.213 3202.140 3209.878
 [745] 3206.914 3178.146 3214.404 3099.120 3155.879 3218.337 3194.198 3172.430
 [753] 3174.618 3181.302 3154.672 3210.053 3127.619 3185.458 3185.112 3159.799
 [761] 3199.173 3207.576 3196.574 3170.998 2966.497 3213.858 3162.921 3184.300
 [769] 3169.387 3204.551 3178.733 3218.234 3197.361 3104.622 3198.205 3069.980
 [777] 3217.588 3218.936 3205.692 3150.814 3139.514 3167.322 3119.350 3140.510
 [785] 3188.514 3186.970 3129.069 3199.920 3176.804 3175.473 3164.988 3212.889
 [793] 3210.677 3202.763 3155.917 3208.426 3220.684 3187.570 3118.238 3141.453
 [801] 3206.991 3164.734 3158.047 3214.142 3182.253 3189.589 3206.367 3143.108
 [809] 3191.067 3207.273 3188.984 3216.391 3218.250 3180.223 3153.613 3178.438
 [817] 3199.106 3205.070 3184.003 3161.907 3185.295 3185.439 3204.044 3206.328
 [825] 3185.212 3214.543 3169.242 3119.555 3221.316 3211.333 3108.395 3204.976
 [833] 3211.411 3136.097 3222.202 3000.547 3203.638 3006.777 3195.108 3178.544
 [841] 3215.681 3164.097 3165.333 3194.401 3189.165 3114.001 3177.565 3218.305
 [849] 3183.956 3135.498 3187.829 3167.481 3154.792 3205.472 3167.946 3177.743
 [857] 3160.964 3212.194 3151.338 3211.642 3128.554 3195.943 3183.946 3174.264
 [865] 3185.453 3191.307 3227.961 3192.786 3171.719 3184.704 3178.240 3172.280
 [873] 3142.482 3101.127 3162.008 3057.188 3168.438 3147.208 3126.792 3166.184
 [881] 3182.089 3091.046 3211.198 3186.604 3206.438 3196.491 3190.386 3207.610
 [889] 3159.707 3212.026 3158.969 3200.505 3162.691 3197.386 3174.249 3171.795
 [897] 3171.639 3198.927 3160.047 3118.016 3214.552 3199.546 3161.314 3165.078
 [905] 3200.587 3210.448 3224.895 3196.766 3167.906 3212.429 3175.046 3148.068
 [913] 3206.053 3202.592 3180.709 3074.920 3205.712 3184.626 2912.995 3175.132
 [921] 3140.873 3142.075 3200.895 3167.705 3154.842 3174.841 3206.339 3176.333
 [929] 3166.883 3126.965 3161.529 3195.068 3194.187 3181.545 3184.261 3211.635
 [937] 3197.071 3182.399 3137.850 3176.175 3085.480 3170.467 3159.439 3184.295
 [945] 3192.141 3210.994 3192.233 3214.296 3155.692 3203.981 3216.507 3207.183
 [953] 3142.992 3167.522 3211.771 3153.418 3165.634 3188.405 3113.486 3136.227
 [961] 3151.189 3180.757 3204.034 3164.817 3105.326 3176.845 3198.764 3198.238
 [969] 3074.689 3199.231 3147.387 3156.213 3216.211 3179.392 3191.318 3142.805
 [977] 3078.971 3171.445 3152.599 3152.185 3064.343 3102.532 3148.688 3140.934
 [985] 3157.985 3004.569 2860.044 3176.611 3201.608 3217.543 3215.483 3171.829
 [993] 3203.685 3185.833 3167.207 3177.102 3119.740 3201.283 3211.884 3199.858
 [ reached getOption("max.print") -- omitted 1000 entries ]

$permutations
[1] 2000

$control

Permutation Design:

Blocks:
  Defined by: none

Plots:
  Defined by: none

Within Plots:
  Permutation type: free

Permutation details:
  Number of permutations: 2000
  Max. number of permutations allowed: 9999
  Evaluate all permutations?: No.  Activation limit: 5040

$call
vegan::mrpp(dat = Codigo_fito_abundancia[, 5:145], grouping = Codigo_fito_abundancia$Sector, 
    permutations = 2000)

$delta
[1] 3030.965

$E.delta
[1] 3169.644

$CS
[1] NA

$n
 Costero Oceanico 
      18       18 

$classdelta
 Costero Oceanico 
4371.425 1690.505 

$Pvalue
[1] 0.02198901

$A
[1] 0.04375211

$distance
[1] "euclidean"

$weight.type
[1] 1

$boot.deltas
   [1] 3175.052 3189.146 3187.958 3192.089 3216.130 3187.615 3135.579 3184.138
   [9] 3192.474 3221.213 3167.022 3124.444 3206.596 3201.231 3178.172 3099.047
  [17] 3193.274 3167.670 3201.403 2972.956 3111.352 3150.061 3167.311 3195.217
  [25] 3202.049 3176.024 3204.979 3179.695 3185.552 3184.506 3177.966 3186.993
  [33] 3199.138 3172.629 3212.163 3205.661 3109.645 3182.162 3086.331 3197.841
  [41] 3212.828 3205.109 3202.215 3164.113 3144.472 3187.869 3177.392 3211.947
  [49] 3120.928 3039.275 3179.216 3219.549 3207.939 3193.314 3221.230 3166.133
  [57] 3192.973 3075.141 3163.625 3120.790 3000.015 3157.541 3132.685 3211.179
  [65] 3179.884 3189.235 3183.667 3162.237 3122.929 3149.126 3185.851 3182.830
  [73] 3179.311 3179.341 3099.807 3204.964 3144.763 3114.311 3175.968 3149.256
  [81] 3178.889 3214.655 3152.228 3176.121 3209.778 3214.851 3167.840 3213.573
  [89] 3184.512 3218.302 3190.064 3213.504 3210.217 3148.903 3163.512 3156.327
  [97] 3191.693 3171.762 3167.305 3185.408 3188.608 3182.459 3168.851 3125.853
 [105] 3202.449 3134.645 3154.799 3057.352 3161.019 3160.098 3120.801 3224.046
 [113] 3188.363 3141.832 3214.388 3206.939 3205.373 3188.656 3156.354 3085.429
 [121] 3194.423 3213.474 3109.661 3202.276 3140.220 3097.998 3131.102 3213.537
 [129] 3186.328 3170.499 3106.682 3212.302 3064.269 3203.667 3083.382 3134.321
 [137] 3193.980 3160.694 3129.360 3204.278 3199.044 3162.225 3216.225 3102.674
 [145] 3213.739 3197.970 3207.856 3186.656 3182.469 3157.702 3219.386 3175.416
 [153] 3143.051 3169.347 3195.475 3204.179 3193.011 3167.186 3218.102 3172.765
 [161] 3163.247 3084.408 3084.038 2945.444 3207.663 3168.226 3156.809 3028.220
 [169] 3174.722 3211.553 3207.802 2981.942 3085.336 3206.077 3112.006 3157.039
 [177] 3151.081 3177.188 3156.445 3149.811 3194.956 3182.187 3209.461 3207.161
 [185] 3002.317 3185.364 3169.619 3200.937 3198.293 3197.498 3175.626 3181.297
 [193] 3138.586 3169.001 3108.152 3172.437 3194.267 3157.483 3199.128 3216.260
 [201] 3189.771 3166.702 3164.714 3185.963 3094.883 3180.254 3186.977 3135.152
 [209] 3199.741 3216.096 3188.562 3200.368 3149.792 3205.244 3198.690 3193.621
 [217] 3197.000 3202.445 3191.013 3201.675 3205.647 3204.871 3122.182 3185.262
 [225] 3179.363 3200.156 3208.311 3204.066 3177.070 3179.042 3212.140 3096.423
 [233] 3115.062 3205.400 3196.851 3214.539 3205.696 3193.764 3127.737 3210.068
 [241] 3207.602 3136.309 3059.555 3186.812 3205.589 3201.440 3190.621 3182.038
 [249] 3199.208 3177.206 3190.689 3179.679 3121.836 3157.563 3167.703 3087.478
 [257] 3185.384 3110.591 3113.397 3184.804 3206.273 3167.019 3201.670 3180.297
 [265] 3118.017 3070.808 3211.521 3135.142 3178.796 3065.788 3203.477 3174.817
 [273] 3201.796 3029.368 3109.538 3198.001 3211.485 3183.746 3215.383 3056.209
 [281] 3195.702 3175.486 3162.129 3200.594 3131.850 3170.245 3181.554 3216.619
 [289] 3207.892 3219.832 3198.423 3219.641 3198.969 3166.450 3209.804 3205.156
 [297] 3137.770 3147.192 3203.000 3218.758 3185.854 3194.194 3204.502 3174.154
 [305] 3180.197 3167.685 3175.690 3171.329 3186.367 3177.531 3207.079 3195.368
 [313] 3166.156 3186.163 3113.117 3180.856 3140.592 3139.046 3145.846 3195.636
 [321] 3187.234 3074.851 3107.352 3197.796 3176.878 3207.516 3185.627 3200.749
 [329] 3099.938 3184.660 3209.373 3205.559 3200.126 3118.769 3197.332 3211.703
 [337] 3192.461 3196.518 3139.666 3072.579 3209.568 3184.476 3198.171 3137.098
 [345] 3184.698 3206.723 3161.117 3204.568 3043.482 3178.658 3206.163 3206.426
 [353] 3172.547 3168.757 3171.696 3186.943 3203.936 3149.440 3199.408 3206.882
 [361] 3152.715 3183.442 3170.208 3175.629 3190.043 3197.452 3212.831 3158.485
 [369] 3210.425 3118.714 3141.872 3165.441 3212.207 3190.949 3084.281 3215.758
 [377] 3207.920 3210.739 3173.492 3214.146 3197.772 3196.872 3212.167 3177.770
 [385] 3198.640 3140.192 3157.716 3194.370 3144.664 3193.680 3047.842 3190.913
 [393] 3213.077 3110.325 3199.850 3137.520 3206.361 3202.053 3220.979 3150.691
 [401] 3158.062 3212.300 3147.384 3204.303 3191.163 3185.190 3169.170 2948.938
 [409] 3186.979 3214.383 3194.374 3213.455 3216.442 3110.064 3182.878 3125.755
 [417] 3135.827 3212.255 3100.353 3219.130 3209.300 3033.844 3187.659 3137.289
 [425] 3207.765 3150.254 3200.490 3166.318 3185.139 3166.413 3152.909 3080.693
 [433] 3201.939 3142.474 3208.828 3194.684 3145.231 3146.549 3187.017 3170.803
 [441] 3193.683 3195.621 3135.348 3177.881 3191.662 3182.236 3183.659 3202.235
 [449] 3209.129 3215.516 3173.258 3199.527 3166.223 3218.290 3220.148 3157.141
 [457] 3216.624 3203.629 3179.800 3210.942 3186.926 3185.362 3196.191 3126.638
 [465] 3184.699 3201.498 3072.805 3137.711 3185.044 3191.045 3203.571 3186.575
 [473] 3206.250 3135.092 3197.979 3210.695 3176.733 3201.850 3215.470 3176.023
 [481] 3194.945 3157.739 3050.140 3158.375 3195.817 3134.589 3167.741 3203.896
 [489] 3141.259 3215.717 3181.801 3171.693 3174.911 3206.864 3125.735 3159.455
 [497] 3217.490 3181.609 3155.691 3194.238 3214.019 3210.116 3154.104 3208.444
 [505] 3172.150 3191.114 3219.014 3114.117 3069.102 3141.726 3179.998 3223.065
 [513] 3211.575 3202.399 3204.508 3193.556 2961.795 3164.371 3174.018 3208.200
 [521] 3207.803 3180.349 2995.742 3144.962 3144.771 3103.313 3224.577 3206.694
 [529] 3169.712 3189.677 3210.333 3191.946 3171.502 3136.668 3137.556 3131.959
 [537] 3188.760 3191.631 3215.960 3135.112 3162.197 3195.996 3190.932 3172.481
 [545] 3160.836 3086.697 3146.854 3162.000 3193.382 3174.342 3200.564 3158.986
 [553] 3153.001 3209.748 3051.107 3184.430 3197.198 3195.383 3084.800 3144.320
 [561] 3170.918 3117.465 3178.214 3190.438 3134.512 3184.312 3066.461 3223.060
 [569] 3196.943 3185.655 3159.646 3191.352 3201.858 3192.938 3170.796 3057.693
 [577] 3175.578 3185.514 3128.498 3084.849 3209.953 3209.919 3088.249 3206.181
 [585] 3207.996 3138.731 3206.143 3193.849 3185.634 3192.900 3115.547 3185.995
 [593] 3128.348 3196.272 3199.369 3133.457 3095.746 3068.303 3205.908 3187.988
 [601] 3175.980 3201.681 3215.784 3197.883 3008.953 3194.513 3194.955 3172.573
 [609] 3114.262 3092.574 3154.601 3046.317 3191.396 3204.591 3190.814 3202.285
 [617] 3161.642 3201.982 3201.876 3124.989 3188.318 3202.608 3213.315 3197.780
 [625] 3173.760 3151.130 3209.046 3203.212 3195.676 3219.282 3161.628 3147.782
 [633] 3176.030 3125.034 3173.675 3210.624 3218.135 3215.066 3178.531 3182.794
 [641] 3200.585 3150.773 3171.753 3200.222 3193.195 3207.703 3194.998 3185.059
 [649] 3209.438 3175.498 3155.892 3174.533 3082.012 3152.873 3203.941 3079.223
 [657] 3147.838 3205.199 3203.768 3184.517 3207.071 3217.585 3207.688 3203.554
 [665] 3189.575 3122.820 3155.738 3213.524 3197.090 3219.036 3220.231 3208.795
 [673] 3188.086 3222.961 3196.988 3140.011 3206.466 3204.100 3211.517 3211.912
 [681] 3183.134 3082.748 3136.156 3141.342 3197.801 3207.386 3210.354 3186.171
 [689] 2950.718 3155.274 3184.920 3199.433 3144.857 3202.988 3129.464 3183.572
 [697] 3217.086 3024.870 3205.089 3221.090 3153.145 3198.834 3095.263 3213.423
 [705] 3175.987 3202.514 3151.009 3152.164 3153.510 3184.103 3205.309 3202.188
 [713] 3190.453 3195.835 3192.191 3204.751 3190.913 3185.792 3161.782 3158.931
 [721] 3118.804 3220.354 3183.470 3173.227 3060.411 3198.432 3180.774 3217.826
 [729] 3198.519 3212.479 3184.657 3147.175 3195.596 3168.156 3214.417 3196.259
 [737] 3198.950 3194.044 3167.308 3137.517 3214.863 3204.279 3210.433 3203.506
 [745] 2840.540 3179.587 2967.092 2993.457 3203.453 3216.326 3107.723 3147.147
 [753] 3211.268 3160.334 3186.477 3205.078 3208.537 3200.025 3184.010 3021.974
 [761] 3124.600 3217.699 3112.495 3151.511 3202.373 3187.464 3089.681 3086.191
 [769] 3127.135 3202.589 3206.705 3144.085 3130.575 3200.489 3203.796 3178.618
 [777] 3155.547 3170.022 3208.125 3203.962 3191.072 3180.333 3138.337 3166.106
 [785] 3198.298 3221.308 3199.503 3190.892 3145.133 3209.292 3211.675 3127.851
 [793] 3153.593 3200.241 3188.068 3220.077 3171.596 3190.461 3175.784 3184.925
 [801] 3030.542 3206.280 3033.923 3184.147 3198.170 3161.423 3121.336 3202.418
 [809] 3202.603 3212.113 3209.259 3208.353 3215.905 3179.050 3197.235 3130.323
 [817] 3213.471 3188.192 3188.800 3195.272 3217.042 3166.585 3213.464 3164.463
 [825] 3189.101 3185.773 3210.828 3213.530 3177.721 3196.245 3186.016 3148.958
 [833] 3131.603 3182.906 3172.679 3187.073 3080.447 3186.096 3206.997 3091.248
 [841] 3174.196 3133.498 3147.927 3214.198 3202.870 3205.635 3228.984 3166.281
 [849] 3155.301 3167.204 3117.299 3213.571 3181.682 3116.064 3217.786 3212.677
 [857] 3153.716 3189.368 3209.531 3204.208 3156.190 3222.035 3203.229 3119.477
 [865] 3128.611 3086.192 3163.414 3190.947 3185.996 3116.002 3151.675 3203.580
 [873] 3206.283 3195.317 2946.360 3192.790 3217.780 3217.817 3161.298 3208.517
 [881] 3200.192 3174.815 3172.279 3202.020 3189.381 3027.375 3165.070 3212.494
 [889] 3158.712 3152.837 3199.923 3205.992 3206.143 3203.730 3213.867 3166.003
 [897] 3176.770 3190.905 3177.390 3164.581 3217.295 3127.438 3198.519 3203.535
 [905] 3171.782 3188.772 3184.685 3139.458 3197.079 3165.134 3141.559 3174.216
 [913] 3188.708 3094.278 3181.373 3218.201 3190.652 3211.452 3154.343 3208.369
 [921] 3178.269 3125.544 3098.574 3201.055 3158.289 3181.742 3069.431 3198.237
 [929] 3201.516 3103.904 3211.473 3215.488 3193.563 3139.701 3215.952 3178.155
 [937] 3202.790 3203.822 3199.738 3204.141 3096.421 3221.493 3056.199 3203.085
 [945] 3207.521 3204.560 3149.935 3210.828 3196.814 3181.430 3209.099 3173.052
 [953] 3200.755 3119.226 3164.526 3169.812 3147.620 3146.523 3187.274 3167.264
 [961] 3211.542 3199.770 3157.521 3201.660 3187.632 3160.363 3181.548 3214.543
 [969] 3218.636 3211.372 3064.818 3206.411 3146.020 3195.618 3136.584 3214.965
 [977] 3222.283 3208.610 3208.184 3093.992 3191.288 3196.936 3209.059 3187.796
 [985] 3186.753 3103.135 3176.576 3120.883 3201.010 3186.170 3191.458 3194.746
 [993] 3151.385 3087.219 3124.002 3187.127 3218.972 3119.538 3149.649 3187.518
 [ reached getOption("max.print") -- omitted 1000 entries ]

$permutations
[1] 2000

$control

Permutation Design:

Blocks:
  Defined by: none

Plots:
  Defined by: none

Within Plots:
  Permutation type: free

Permutation details:
  Number of permutations: 2000
  Max. number of permutations allowed: 9999
  Evaluate all permutations?: No.  Activation limit: 5040

